478
664
153
268
500
997
991
903
762
253
590
868
842
682
707
409
87
351
565
496
251
485
564
114
584
413
863
22
388
307
545
585
972
417
572
192
415
565
814
178
537
405
765
380
806
193
509
893
263
75
110
514
280
674
629
864
806
212
886
913
519
432
500
492
569
791
403
984
76
218
882
333
342
648
713
150
560
941
762
824
736
591
339
17
266
687
600
74
899
487
987
420
638
207
631
208
718
36
912
794
972
514
128
316
881
561
185
443
222
666
268
677
259
326
413
244
15
14
37
914
220
744
54
859
951
686
786
389
441
418
903
133
932
750
168
815
31
353
977
254
739
246
650
998
291
65
243
306
79
281
940
300
744
713
878
415
119
384
805
560
803
709
413
455
460
581
271
211
935
967
465
394
932
116
393
225
899
355
531
979
355
191
998
100
905
596
516
25
980
322
305
784
750
718
959
929
300
231
141
954
200
325
349
133
161
461
77
61
817
328
759
891
519
477
992
144
74
228
888
56
269
194
559
20
631
519
668
650
470
529
606
389
573
674
241
453
855
319
515
392
647
993
284
885
472
995
31
265
224
919
321
493
832
600
232
464
120
620
115
309
150
440
698
442
834
659
896
690
978
131
801
345
125
86
231
316
83
980
582
26
900
622
520
452
223
471
916
344
92
751
372
960
910
72
404
745
731
20
155
429
151
956
774
276
762
724
312
564
706
894
590
326
517
829
498
741
302
134
804
113
885
177
793
516
967
916
980
418
936
137
847
88
812
341
83
294
785
395
858
211
9
169
256
527
998
754
987
20
889
792
134
494
688
927
11
376
844
992
794
500
848
362
588
380
422
390
675
208
786
253
419
514
422
395
42
422
150
748
442
40
260
295
535
949
941
265
326
505
976
839
6
825
202
313
925
344
704
601
552
210
573
691
724
996
87
486
138
237
235
299
996
496
595
251
165
537
235
210
44
213
50
768
39
971
83
964
316
787
285
587
716
859
279
441
575
85
646
713
42
882
13
39
98
327
9
263
584
244
473
347
457
242
116
216
214
199
899
530
705
186
119
422
764
117
583
59
203
230
772
245
831
504
3
929
832
12
911
136
974
385
483
433
628
599
368
561
518
268
93
224
173
930
366
937
48
668
996
969
617
488
215
450
993
936
99
545
948
12
681
924
116
165
77
744
483
445
307
2
713
119
945
887
50
31
544
816
699
261
787
317
468
721
486
181
659
586
726
327
317
127
970
433
11
766
897
214
212
923
216
645
761
880
252
530
911
515
347
330
495
853
367
964
295
853
146
954
159
592
1
476
438
691
629
450
458
246
664
671
170
599
36
931
481
288
462
112
522
528
162
19
383
529
983
678
102
848
352
262
441
72
457
880
763
805
50
223
52
433
613
940
33
649
591
233
656
772
65
897
302
227
916
404
475
619
801
577
188
872
558
629
944
17
229
709
541
997
651
594
431
265
254
184
633
846
417
9
619
201
906
640
428
543
45
903
881
565
201
70
438
759
419
103
776
367
531
38
366
183
632
516
167
605
700
519
452
837
247
73
39
872
432
187
416
478
809
299
762
11
88
202
771
507
305
267
875
555
305
242
738
656
758
624
263
179
144
434
17
110
226
774
982
659
961
119
138
772
137
900
502
225
821
992
733
845
261
609
401
285
570
858
661
48
483
643
227
346
78
962
456
305
738
440
964
419
559
821
910
696
441
414
640
264
407
374
828
387
702
231
392
991
808
54
41
293
697
986
639
775
669
815
799
127
974
764
546
534
586
458
949
747
591
590
12
717
684
559
106
387
509
498
380
319
271
140
612
687
845
970
463
515
505
264
642
480
747
908
15
54
367
683
801
958
275
532
676
959
92
501
66
602
718
165
921
708
24
253
396
870
942
860
105
449
843
467
929
591
376
664
364
462
348
166
140
342
698
535
21
791
756
88
113
475
253
35
185
278
7
300
867
949
161
691
399
723
159
330
35
254
994
399
716
62
566
575
405
983
112
426
775
868
514
888
63
487
642
966
484
649
268
71
600
148
762
718
591
922
49
626
895
762
744
332
825
30
907
949
15
738
376
790
326
610
399
390
816
760
76
301
411
63
372
730
212
135
449
522
776
218
149
673
699
612
6
244
643
632
194
658
372
290
168
698
900
286
807
717
48
603
737
178
666
828
908
597
963
77
120
460
14
987
852
714
601
577
958
245
210
872
903
301
163
790
719
64
78
527
500
126
849
956
304
517
785
931
833
749
727
954
928
742
942
781
176
263
359
853
508
289
726
131
590
889
922
310
672
719
557
891
845
407
848
868
643
634
519
478
104
965
152
33
708
95
534
603
78
612
458
586
901
185
437
212
794
79
522
467
798
80
79
644
207
927
232
850
563
751
329
386
436
200
419
146
15
672
468
93
286
926
398
906
831
835
119
626
914
361
812
713
160
891
77
367
539
309
219
821
779
267
208
217
468
346
82
483
20
269
295
25
197
693
931
747
530
770
374
164
132
905
878
292
517
674
379
57
703
598
597
202
584
805
138
771
152
938
973
172
209
269
915
406
682
848
154
213
338
247
96
470
871
693
481
389
369
860
165
73
178
762
993
482
287
133
254
440
72
947
331
281
935
248
406
618
815
560
550
154
526
647
343
399
341
543
507
429
405
392
221
302
873
216
784
162
349
758
321
140
706
652
422
361
619
828
980
435
109
250
308
635
616
370
35
958
914
262
107
39
654
329
341
528
545
127
690
613
885
12
753
311
384
894
672
4
724
372
159
552
623
186
188
958
557
942
917
191
205
744
230
578
74
290
107
338
417
517
670
22
248
424
333
351
39
725
75
482
98
234
35
440
420
223
400
696
884
37
606
808
781
836
387
574
128
214
912
264
731
583
287
698
727
339
769
485
65
844
967
882
79
3
323
218
944
442
634
830
199
241
639
980
797
28
275
644
960
906
908
411
210
914
110
937
255
879
142
320
724
110
203
522
113
246
460
776
688
95
607
887
336
966
588
852
713
863
497
674
489
407
86
699
41
914
356
296
514
498
617
239
608
539
481
440
785
941
218
194
37
544
800
92
511
108
945
943
690
162
618
181
569
423
880
330
339
238
626
853
736
962
811
65
503
12
505
8
953
442
920
709
987
722
802
218
830
467
163
522
629
500
703
918
643
584
249
982
541
875
555
279
558
86
344
62
99
568
788
53
730
710
763
718
433
285
655
982
752
537
505
101
757
927
20
401
232
269
103
773
864
658
53
423
744
116
204
843
404
992
897
135
422
380
572
574
665
228
558
137
485
782
238
243
430
977
363
662
247
466
436
830
125
209
972
588
44
895
152
448
608
768
583
31
149
156
606
533
104
883
670
308
666
627
270
97
605
633
478
572
100
915
122
943
843
96
251
887
991
403
337
600
172
639
351
40
796
957
573
619
841
962
927
227
591
198
44
197
831
522
488
650
157
611
313
1
707
283
608
418
687
945
738
578
585
90
619
101
766
193
720
327
875
648
554
467
565
317
383
116
559
591
766
716
203
798
437
629
83
46
48
489
991
505
786
296
595
406
117
81
319
837
408
195
206
682
381
490
0
483
607
559
75
374
995
278
892
433
626
694
198
394
902
908
899
689
205
215
97
322
296
135
879
705
49
804
388
430
295
107
632
902
667
708
996
382
705
608
534
333
303
732
727
206
641
346
614
565
561
430
888
858
565
487
564
614
11
952
763
306
60
116
928
446
543
644
547
249
253
82
301
556
814
747
481
456
95
814
23
656
246
630
515
811
836
798
146
847
470
628
872
250
463
801
696
7
446
963
975
418
46
277
693
580
744
175
755
839
990
497
215
955
128
450
486
683
249
632
250
720
980
124
970
444
644
386
171
810
69
147
229
116
143
923
415
887
817
171
446
527
669
662
483
516
831
970
919
799
322
170
520
22
294
210
467
939
316
638
469
104
504
698
938
647
341
354
536
160
526
982
406
914
364
890
431
196
580
351
996
902
241
236
925
535
166
112
194
201
469
663
305
973
82
245
621
423
318
876
302
844
579
709
478
943
319
629
859
899
699
575
521
940
530
166
477
696
996
390
616
466
773
641
159
574
605
500
716
923
377
20
488
956
448
966
620
767
596
480
386
297
56
626
238
586
793
434
3
790
544
338
976
318
979
136
611
585
355
328
510
733
67
717
409
515
684
30
2
282
229
107
298
285
734
536
591
528
690
313
38
235
651
15
272
351
870
883
655
226
212
166
678
280
602
807
514
288
837
517
289
68
624
587
72
78
842
382
606
533
695
364
487
67
379
759
418
968
362
74
914
575
959
312
574
562
120
807
569
958
44
858
745
388
446
817
466
290
919
792
542
615
157
31
401
255
790
538
225
154
613
858
448
292
171
741
573
11
549
144
688
313
3
434
701
169
970
168
459
609
960
2
226
118
33
346
374
543
885
318
416
218
895
864
510
785
325
802
796
593
946
485
906
669
638
608
838
329
777
298
938
457
19
883
576
771
231
669
315
835
706
731
54
602
315
564
388
359
367
904
952
34
109
860
703
467
469
542
515
965
559
173
424
578
58
719
69
8
389
384
562
96
834
616
417
868
899
805
228
985
429
182
20
539
761
442
7
231
984
522
198
263
695
341
842
472
61
630
199
450
16
761
265
569
378
682
158
996
207
386
983
637
287
4
895
49
447
902
0
151
144
916
415
839
258
976
32
319
607
949
488
342
712
753
912
809
155
789
807
362
176
791
718
183
514
614
950
961
236
950
832
380
867
248
939
126
943
690
164
270
640
652
613
353
406
245
882
280
35
690
362
929
201
81
831
715
415
783
397
370
453
230
751
322
197
410
167
141
101
51
411
460
703
743
814
829
988
416
110
742
107
472
392
308
273
224
24
407
8
421
777
462
370
529
503
567
658
389
427
478
440
558
939
863
302
473
693
11
889
522
472
996
995
864
24
987
90
766
395
816
189
173
997
278
422
501
846
81
610
274
279
51
832
219
633
854
692
327
584
582
850
57
298
565
922
322
272
731
89
667
548
996
559
547
276
981
767
841
782
378
116
780
149
668
0
782
242
411
829
826
993
399
602
11
683
525
333
955
257
141
623
525
857
901
791
134
603
559
975
105
657
810
885
806
198
885
308
159
297
856
985
10
256
589
21
939
833
73
614
810
932
956
55
790
859
846
643
463
406
338
568
64
150
454
589
67
59
617
227
75
474
931
85
450
240
824
109
75
897
724
604
830
400
659
341
260
506
984
442
631
324
729
415
193
902
5
978
961
341
206
37
535
857
840
704
98
665
813
891
282
257
496
114
658
874
174
637
381
159
81
732
202
529
148
114
433
871
94
114
214
19
870
749
876
711
454
694
97
986
586
379
245
802
212
622
396
386
978
497
265
60
230
467
309
378
582
742
250
395
575
464
414
446
932
11
877
106
705
974
94
11
73
58
532
286
399
929
391
378
427
656
158
657
125
467
36
426
928
5
821
504
470
954
951
122
965
548
229
390
242
42
402
315
100
653
320
218
583
712
596
729
369
754
387
213
940
142
358
869
148
898
375
337
854
46
178
820
313
407
212
555
168
333
589
986
986
910
205
571
342
521
20
430
276
408
363
936
269
721
806
136
621
900
192
476
665
371
16
697
497
946
253
666
280
562
372
986
473
578
277
534
100
297
964
95
705
47
32
694
769
558
549
110
178
742
305
563
832
321
261
330
987
515
715
268
796
89
255
270
386
532
523
486
830
207
300
255
255
52
668
25
610
219
853
507
680
159
71
513
199
333
562
187
567
997
175
364
805
149
353
192
401
595
397
232
802
416
206
58
468
594
801
797
813
655
306
494
533
377
726
733
429
289
639
715
287
814
798
811
964
870
4
85
466
120
36
270
537
242
328
724
555
131
523
369
505
829
582
40
925
28
492
75
318
132
790
324
666
590
137
350
180
859
435
647
699
471
917
955
432
964
680
988
96
204
77
321
752
379
361
679
407
853
754
444
704
264
488
90
573
344
440
754
922
875
402
622
66
39
297
499
4
978
207
101
901
284
422
655
382
502
54
790
75
808
953
498
791
442
589
366
786
30
839
710
625
242
52
410
281
350
909
285
48
835
105
949
839
246
605
222
467
378
731
542
187
686
760
698
129
350
783
635
380
623
65
724
584
117
136
865
467
764
869
234
601
694
185
441
659
509
663
846
888
396
108
794
801
868
493
930
219
277
285
319
619
350
44
204
468
180
788
654
664
659
889
266
73
793
707
451
303
90
298
192
205
407
706
7
276
918
657
496
197
942
534
816
294
578
740
481
478
529
854
143
907
463
409
980
257
835
433
280
644
450
191
850
857
897
857
853
817
234
350
733
178
884
269
191
182
10
391
660
540
964
522
448
429
650
149
405
486
301
685
850
751
877
701
610
775
278
183
312
513
252
46
410
855
316
320
38
45
430
418
585
395
940
753
824
311
902
231
516
204
635
367
955
513
69
285
9
348
468
321
580
720
87
709
576
122
30
334
167
179
752
753
574
412
507
119
723
410
69
241
333
704
608
289
219
397
294
946
464
762
268
45
203
74
754
498
196
503
832
364
682
585
836
975
717
63
95
441
473
164
401
525
588
11
814
807
408
827
473
872
310
460
636
513
535
110
12
731
332
845
814
733
150
651
709
867
714
805
29
906
688
430
432
277
441
966
803
568
794
277
160
823
457
515
337
992
344
69
724
676
633
259
410
783
910
839
371
626
364
400
533
53
549
685
50
710
652
572
279
166
569
159
990
27
674
47
20
738
116
463
415
468
722
545
971
634
385
343
979
749
462
232
521
12
636
290
722
8
863
721
175
433
880
884
460
274
650
199
731
486
662
148
954
105
412
926
458
516
988
438
266
170
389
506
183
27
797
624
35
661
346
928
813
945
532
274
939
184
473
671
670
854
538
625
678
950
272
137
467
979
294
452
151
403
959
334
430
476
958
184
856
25
114
670
689
646
944
629
830
137
21
220
710
559
565
390
230
837
246
416
817
260
869
968
663
548
22
94
743
700
278
600
444
111
271
134
758
216
483
308
72
504
529
501
782
813
610
13
651
857
430
188
118
19
876
781
567
617
594
311
318
872
911
481
703
901
616
462
118
818
489
908
323
737
410
824
551
22
838
921
598
987
829
435
7
706
217
293
324
811
323
362
403
235
843
107
137
179
288
973
997
497
601
40
953
730
865
506
471
423
147
70
411
976
505
137
683
441
430
727
971
753
808
95
707
371
920
563
551
928
256
268
426
576
28
380
307
612
605
779
754
753
568
166
730
793
22
134
235
452
861
926
924
670
22
351
760
942
914
312
590
889
300
17
466
47
117
492
378
441
272
133
195
560
299
645
354
321
779
308
492
360
235
136
749
975
487
510
638
121
542
229
11
842
247
196
608
83
688
986
524
680
120
439
241
138
85
595
178
864
903
389
225
858
525
974
834
13
485
473
852
746
703
582
308
669
778
916
752
186
622
995
866
742
435
826
599
520
422
777
104
46
167
48
904
411
741
458
143
228
932
995
693
355
297
3
25
76
919
496
981
543
492
567
5
647
395
605
168
817
102
991
582
270
40
487
400
782
946
544
729
598
259
423
953
557
426
697
352
66
194
334
609
405
902
333
53
298
938
940
834
42
932
418
31
972
624
431
474
290
694
204
607
954
347
561
512
773
259
864
839
172
200
168
578
821
502
631
838
160
572
673
202
224
810
951
916
436
103
391
445
797
315
54
752
662
334
265
436
313
849
995
485
768
882
64
590
385
415
429
265
706
821
186
931
633
139
848
788
242
958
952
758
274
7
231
936
61
215
93
374
65
807
859
833
690
643
143
795
59
572
61
484
114
247
416
466
105
983
973
66
662
926
825
936
653
57
593
714
990
405
89
57
931
948
890
341
311
753
137
370
45
916
855
159
883
990
625
988
694
599
774
357
246
600
13
899
376
325
333
367
449
422
143
381
90
753
442
402
507
298
491
552
216
66
431
818
776
57
807
471
376
582
547
341
901
279
241
996
324
293
84
492
715
945
593
524
699
36
645
925
334
138
479
269
922
910
88
699
686
615
889
781
916
437
123
538
436
83
535
479
376
338
971
810
4
565
336
703
601
981
630
936
838
828
924
762
458
14
462
863
629
353
646
546
509
488
85
664
572
340
144
667
397
117
479
401
401
534
824
4
235
174
659
75
3
584
556
180
317
19
44
946
91
409
494
320
898
298
984
471
638
848
857
755
684
337
157
86
871
981
808
108
156
468
901
877
772
458
58
90
196
821
38
288
231
251
327
130
268
31
320
626
879
179
382
564
235
258
370
826
241
179
653
116
367
555
713
140
732
771
230
928
312
986
935
544
956
263
393
944
295
433
571
893
612
672
178
566
930
548
393
890
727
47
726
95
321
440
953
54
930
903
702
244
890
638
788
567
621
900
512
635
334
802
248
665
475
426
233
406
974
345
17
422
393
743
236
433
184
909
207
115
813
909
359
423
267
866
709
607
768
222
243
821
25
211
488
219
637
721
626
332
67
643
473
179
387
428
613
290
338
820
405
152
449
765
295
716
351
5
44
120
946
6
942
690
217
150
910
855
871
256
906
657
618
380
556
724
808
888
15
148
428
420
19
877
904
314
313
257
320
357
96
267
83
757
957
300
907
587
156
779
843
63
157
462
162
432
187
971
321
202
838
749
342
857
346
247
891
378
223
212
455
320
198
538
78
874
838
986
463
714
485
307
496
361
489
659
793
676
350
115
598
189
583
940
47
648
906
938
746
131
869
202
451
786
459
248
662
17
235
844
731
440
870
947
801
360
607
596
756
676
430
74
865
733
15
631
101
640
290
847
771
160
768
941
666
946
909
48
964
145
892
415
304
482
363
107
562
689
422
38
366
571
112
950
305
845
583
126
486
873
692
977
752
462
638
138
128
548
186
93
413
797
509
717
0
591
543
562
282
965
600
367
538
712
319
562
558
621
688
763
495
382
741
966
563
100
106
691
648
11
785
780
528
14
499
528
605
761
91
606
728
410
974
267
123
13
829
400
634
519
164
848
620
625
534
184
725
359
875
93
371
380
593
618
394
811
147
719
573
238
326
302
367
20
288
490
33
119
609
386
357
492
235
696
118
489
880
562
848
475
375
938
856
968
557
969
499
423
689
73
380
735
376
747
755
664
956
508
502
566
894
578
60
849
275
896
58
874
179
906
351
273
565
926
960
841
896
460
266
306
533
646
42
628
395
516
13
352
25
234
638
639
813
698
208
807
314
266
683
493
173
35
485
457
961
446
300
577
906
285
602
160
931
363
788
46
880
520
399
624
755
756
982
288
174
191
96
488
457
779
701
350
814
187
807
495
634
826
792
541
112
395
701
45
478
210
809
359
730
927
702
205
684
686
493
858
596
590
348
55
370
768
405
904
955
931
119
590
759
630
851
871
27
272
635
505
482
446
583
932
374
5
138
60
410
632
918
8
941
985
781
312
754
187
935
711
119
774
21
597
405
591
470
151
864
824
656
66
271
958
717
365
683
575
425
94
208
63
820
868
768
602
899
523
789
836
953
628
330
694
226
735
286
415
887
869
241
263
655
231
941
92
596
625
667
740
438
594
523
260
463
292
862
364
815
372
919
489
719
250
184
664
985
189
81
592
778
41
856
434
272
517
526
588
143
913
329
300
508
852
560
972
145
143
337
680
515
257
170
953
226
73
618
212
262
418
524
41
459
100
194
451
617
440
40
479
354
88
779
581
941
341
554
805
203
610
205
437
586
94
391
812
167
10
744
149
429
269
908
607
369
822
59
986
263
99
466
336
906
964
917
848
25
192
373
228
802
298
665
390
392
775
921
279
505
666
147
653
935
774
261
24
597
40
11
579
857
196
915
764
880
553
332
905
745
706
135
267
5
519
376
116
15
299
395
520
684
261
174
340
37
154
364
634
194
95
933
53
10
568
817
890
122
151
797
586
576
651
854
300
889
231
135
904
530
250
144
216
511
37
275
548
192
639
902
105
734
836
876
464
124
695
355
247
565
871
552
860
523
407
879
133
639
15
38
888
265
901
823
777
938
99
45
849
458
947
955
911
503
832
376
347
247
732
313
531
323
865
392
566
274
272
699
632
7
456
240
272
358
65
768
298
882
814
148
341
481
822
254
704
656
630
52
622
82
365
155
125
231
547
691
224
539
391
856
546
847
816
537
925
881
307
942
764
122
809
825
603
633
80
308
9
429
79
631
231
444
505
356
395
772
766
619
312
158
196
577
724
13
115
369
613
422
312
97
263
123
641
867
756
721
894
484
870
693
834
820
138
341
895
252
114
662
591
145
539
787
722
264
519
556
634
851
979
665
667
243
788
310
829
264
750
444
748
621
138
303
161
994
644
57
248
758
438
839
903
977
346
345
243
584
901
596
155
600
262
822
563
770
133
112
753
884
556
222
225
413
525
387
128
170
163
376
647
602
934
270
299
0
615
542
303
236
857
458
837
839
281
401
329
134
232
83
19
508
305
962
921
549
69
50
438
233
145
86
554
798
356
853
798
690
116
102
927
692
279
484
251
561
604
580
695
836
383
433
345
407
396
986
957
466
755
396
418
620
483
691
419
558
264
937
968
380
758
896
792
39
100
44
319
704
625
733
260
9
167
606
416
282
312
93
467
68
490
604
407
692
15
827
969
280
484
938
379
243
835
172
282
935
217
320
359
561
54
620
289
939
945
424
941
258
518
409
45
727
733
453
420
748
0
390
747
484
49
128
727
884
19
729
540
954
50
618
516
105
239
524
45
903
949
986
880
187
116
926
633
568
99
772
36
99
163
784
583
930
631
30
816
650
759
76
606
810
413
841
915
372
367
679
276
36
386
158
941
221
803
575
508
902
348
544
2
230
48
304
162
679
334
697
331
95
492
937
624
905
779
259
278
865
938
274
901
44
432
562
983
236
138
492
857
486
38
859
717
86
882
598
766
217
296
816
312
788
473
936
694
971
914
692
838
854
966
459
617
399
23
602
354
161
95
212
367
851
790
803
938
673
402
424
609
698
959
641
206
433
297
619
405
213
312
962
68
279
423
404
397
165
7
470
326
103
401
412
673
192
216
612
584
618
755
195
36
715
836
242
149
852
862
274
66
175
237
852
174
660
258
290
825
265
761
871
87
163
284
761
75
220
93
659
838
568
573
594
284
129
836
153
982
418
427
49
313
664
902
487
45
161
777
589
145
258
180
951
422
184
432
497
404
525
875
961
94
169
556
98
298
113
251
0
531
397
50
844
780
671
51
825
551
548
135
696
806
315
367
947
218
799
164
622
326
41
585
139
928
860
237
227
973
207
946
225
604
715
788
386
387
559
930
938
108
66
354
633
101
441
582
319
241
746
942
567
506
247
426
435
108
663
382
801
590
329
27
195
45
815
581
151
375
513
808
202
298
881
836
399
323
138
438
565
603
381
851
829
347
278
265
174
661
366
975
252
695
3
166
459
538
467
610
632
699
419
835
997
302
391
117
625
248
555
191
851
655
762
681
3
41
666
895
421
33
872
392
448
594
559
907
851
27
519
485
726
657
40
443
678
431
279
305
398
834
215
250
209
977
651
930
738
318
827
878
70
700
272
518
14
550
146
866
577
384
352
23
42
111
185
721
542
465
745
659
19
679
909
229
658
280
878
116
317
706
994
107
126
985
625
141
536
490
726
832
874
79
574
636
190
760
77
451
944
822
111
682
502
739
630
879
739
510
714
57
935
710
882
63
696
509
922
952
718
649
785
594
447
361
949
356
840
27
526
504
568
356
187
789
814
818
670
554
329
104
331
983
814
214
47
231
442
688
184
162
57
688
475
504
50
144
579
609
171
106
114
458
462
302
248
278
839
637
832
887
742
882
871
276
98
638
226
259
327
410
421
104
818
615
608
587
759
907
198
649
14
31
108
477
52
76
474
891
432
26
498
175
909
371
171
726
10
397
985
56
527
127
160
346
461
488
652
222
396
850
871
410
882
699
606
653
775
799
546
926
826
45
821
455
135
992
182
145
109
886
920
355
732
81
420
195
569
74
136
684
924
726
96
526
426
421
181
920
222
446
848
767
210
670
223
346
382
124
210
491
729
849
847
463
931
268
377
220
342
513
905
986
958
720
232
105
860
132
26
801
578
593
569
508
982
792
854
84
916
783
295
366
634
861
548
285
848
925
224
192
158
848
897
117
288
848
222
150
981
967
951
560
280
522
787
982
34
361
67
670
146
81
37
499
942
585
784
792
511
727
703
388
577
601
224
865
450
447
16
432
134
687
712
133
928
219
116
962
581
902
633
446
983
389
945
927
974
449
439
205
177
143
593
754
744
537
340
913
703
75
66
837
762
497
689
691
716
806
374
17
428
726
463
131
117
409
777
92
577
217
17
474
360
329
229
823
866
288
457
570
364
523
127
127
739
817
538
175
343
912
193
771
639
656
902
756
785
400
568
363
617
585
837
978
633
786
802
501
75
260
72
158
502
918
286
960
736
543
137
80
456
49
570
814
705
192
291
210
592
578
293
211
882
849
908
516
355
711
18
431
691
809
589
912
728
594
874
184
138
730
982
313
779
553
847
204
745
139
134
58
717
427
987
319
277
896
835
633
327
573
783
737
102
92
651
549
406
245
733
263
694
716
577
193
988
425
116
453
283
250
511
719
677
499
39
674
115
593
27
443
167
529
181
269
340
551
537
746
796
271
11
491
706
307
403
695
451
520
868
734
770
380
454
168
599
212
561
714
805
588
876
692
836
59
680
177
610
219
924
127
209
654
337
635
680
741
50
132
262
918
585
33
19
758
201
618
970
762
52
495
70
929
188
906
988
869
803
318
807
728
445
17
102
783
652
782
244
703
633
506
622
219
539
360
977
460
978
948
941
750
163
731
680
352
357
388
222
161
425
30
608
871
765
710
374
419
212
618
841
845
843
183
783
102
544
761
562
242
429
224
992
593
955
673
664
32
780
886
194
207
635
802
797
120
233
890
258
445
228
100
11
72
3
513
892
266
276
456
508
424
399
502
736
74
894
401
106
395
7
300
321
361
104
119
482
56
728
740
220
956
560
949
747
563
464
640
829
459
815
57
883
933
559
621
8
174
23
115
288
749
134
609
111
956
728
593
13
176
335
234
851
614
184
318
178
648
677
726
108
494
783
711
428
63
52
156
955
793
989
244
543
124
853
655
82
301
249
813
477
303
766
48
917
951
366
814
319
44
541
147
257
45
577
686
826
629
561
782
423
551
745
967
675
318
623
476
619
591
291
815
895
776
863
813
728
948
629
767
992
889
633
251
653
211
656
480
559
218
981
982
488
727
669
164
46
12
360
384
604
370
918
500
147
501
33
595
450
381
82
163
990
715
414
644
645
789
844
205
8
826
906
496
555
296
379
320
308
458
424
912
828
343
132
695
845
884
291
15
266
373
178
975
807
311
621
172
101
466
96
827
12
721
43
567
18
423
607
327
881
32
958
430
94
92
126
658
976
136
393
961
228
571
938
36
883
279
208
703
464
23
532
476
744
575
763
763
717
90
809
319
840
768
749
934
860
594
313
556
730
706
238
958
996
895
713
880
175
640
304
639
663
836
834
408
412
598
890
849
407
700
169
248
470
918
184
50
513
216
326
962
922
564
921
919
460
354
520
354
994
824
712
377
380
547
785
511
865
396
361
273
97
530
522
567
168
425
337
400
641
663
363
283
228
4
921
407
358
161
761
72
704
474
449
85
22
954
316
606
351
677
880
448
927
122
735
96
266
73
497
907
736
860
909
683
584
831
91
942
993
852
734
698
327
184
503
68
857
819
675
209
497
275
377
425
397
113
241
382
186
738
9
641
318
918
325
902
469
416
565
463
987
300
881
315
203
104
102
62
923
777
271
140
771
648
285
887
480
526
270
385
983
279
27
302
198
71
206
387
206
490
569
194
790
451
228
712
555
331
774
198
827
765
339
319
133
624
207
614
869
478
718
853
476
746
156
394
536
81
781
462
571
351
656
81
522
604
794
796
654
288
995
201
54
335
520
188
678
728
521
548
925
958
402
402
424
558
515
961
359
297
424
930
368
799
731
890
404
526
687
777
814
683
979
588
737
500
495
416
947
735
683
873
694
86
995
120
364
511
82
723
528
225
373
896
25
823
506
149
350
194
926
884
597
906
473
54
127
687
190
75
423
873
668
118
679
383
238
44
613
39
486
142
264
578
757
9
403
264
158
472
178
803
357
775
430
549
829
557
237
20
351
660
613
20
498
293
403
736
337
736
495
542
878
759
839
356
487
243
620
645
435
798
450
511
293
880
62
124
157
18
862
508
398
476
529
896
769
651
352
825
107
847
87
986
327
646
343
814
608
682
461
44
201
630
556
494
230
337
618
387
355
201
614
753
396
862
650
885
234
4
430
341
851
237
328
897
883
390
713
492
792
893
537
993
524
94
488
473
431
826
579
505
746
194
260
143
58
629
29
292
633
179
633
205
416
681
103
300
790
535
792
583
429
49
296
953
861
785
146
12
331
725
518
78
920
778
939
978
127
688
271
761
867
623
685
284
305
507
303
815
44
814
399
473
864
415
147
726
201
293
739
251
20
976
48
940
474
987
638
601
676
628
82
263
252
767
547
277
994
569
93
39
385
211
231
250
626
378
695
546
391
154
797
130
131
845
789
605
553
428
208
230
775
290
213
28
777
479
24
772
50
117
530
435
48
761
404
674
859
100
222
251
973
738
381
105
304
889
430
857
318
357
806
812
366
20
840
144
500
584
635
550
420
166
704
468
647
109
144
507
927
85
477
901
823
577
726
846
467
157
704
504
514
512
317
880
251
876
744
751
461
380
21
601
266
725
70
913
553
932
140
482
736
336
103
280
913
829
127
100
705
832
604
938
64
640
820
315
517
284
68
698
383
89
300
368
534
89
1
88
23
141
289
478
477
393
758
110
941
886
210
648
438
533
587
502
174
127
817
692
130
604
110
514
413
410
601
947
499
603
36
241
463
326
720
941
719
198
770
380
85
981
747
242
234
55
744
409
182
282
820
32
605
930
265
19
60
866
966
559
470
4
520
934
330
959
595
768
158
366
867
962
67
616
205
21
671
669
430
572
670
251
604
276
900
869
296
960
456
263
520
926
985
759
580
35
719
894
522
597
980
391
560
48
8
484
69
679
872
218
970
543
188
576
820
89
165
835
50
621
99
290
268
804
768
567
839
489
463
363
805
444
754
366
211
481
569
0
879
443
218
850
705
407
146
526
215
312
81
984
652
181
275
639
704
44
208
544
252
671
626
58
116
381
143
327
581
432
327
461
875
265
313
581
391
178
827
606
490
908
591
862
808
585
502
513
349
429
777
601
101
404
379
935
505
241
982
87
673
29
549
549
294
581
850
685
759
397
12
969
25
322
832
834
908
54
67
258
484
844
578
304
968
676
241
474
918
224
561
592
253
829
861
267
411
431
671
890
828
402
860
853
725
412
407
353
185
475
330
669
39
627
693
8
305
653
201
224
877
482
535
849
312
397
835
724
828
227
615
376
629
195
231
355
607
357
427
792
551
757
182
591
386
594
318
691
248
239
634
844
721
170
413
34
287
250
477
834
477
811
212
825
7
162
182
333
519
328
845
72
87
746
382
473
341
419
883
308
658
237
153
380
407
285
134
413
535
611
249
731
143
461
558
150
623
459
203
861
787
767
933
593
514
35
785
574
455
388
601
114
625
754
214
752
40
348
166
295
678
134
745
821
595
23
691
937
201
894
800
708
381
453
302
614
489
807
189
663
196
509
777
822
264
710
575
23
777
460
37
457
595
783
279
909
525
689
848
727
303
368
436
684
540
457
299
748
265
207
412
462
716
909
285
699
620
579
442
399
758
479
575
354
981
573
983
508
264
832
954
567
919
391
971
460
848
271
210
833
198
622
296
914
251
300
334
872
598
776
990
357
974
566
431
957
140
134
185
404
966
140
691
605
250
663
784
817
653
713
651
851
56
666
486
307
685
820
180
284
316
171
361
291
456
511
967
597
645
871
2
331
730
693
655
980
76
440
518
730
155
170
582
929
556
787
237
242
608
137
246
643
27
607
654
484
837
622
82
483
214
802
533
944
216
189
645
292
629
164
741
503
53
325
433
609
113
671
571
441
527
817
803
554
144
458
39
981
800
839
465
15
643
998
678
859
188
324
870
536
488
613
41
542
657
193
870
489
583
442
649
111
978
454
666
123
631
424
105
432
265
289
166
908
7
845
487
913
888
77
451
378
690
211
639
67
404
229
557
988
391
925
818
370
380
485
494
13
910
599
164
176
889
50
803
615
895
291
530
784
87
981
881
497
193
240
564
316
189
840
24
580
767
843
669
866
48
164
598
958
483
763
853
92
813
657
707
428
667
238
931
474
220
533
971
132
492
536
168
681
97
910
980
583
754
651
450
522
815
50
481
18
532
55
110
65
431
818
212
818
775
862
293
715
396
265
566
608
520
734
9
336
646
990
919
120
642
371
642
177
140
843
914
391
617
25
175
49
562
106
586
339
968
598
773
85
582
340
693
104
794
421
159
160
412
80
280
773
170
642
670
310
205
585
420
822
329
595
590
892
701
178
950
389
776
724
474
360
783
886
183
578
309
342
738
440
141
20
215
311
381
604
621
586
190
760
128
519
356
718
131
776
615
800
167
393
244
360
472
29
248
374
607
276
716
66
716
577
804
931
888
186
536
230
491
445
990
619
684
67
57
534
843
673
336
729
785
299
809
258
328
58
632
655
53
68
721
769
645
526
421
535
431
676
484
922
123
475
261
526
261
318
61
824
991
397
554
777
697
364
36
744
141
387
119
194
175
840
683
539
86
105
793
517
781
278
159
623
754
420
150
16
739
212
840
731
328
115
229
744
198
983
209
59
372
328
971
266
170
655
805
974
479
600
212
262
878
371
604
352
511
755
88
251
967
928
701
15
762
930
760
680
634
969
739
7
298
711
991
187
87
797
881
566
398
94
547
278
184
153
630
695
627
718
946
314
367
368
329
848
18
808
529
652
497
269
378
515
700
370
702
787
169
303
73
286
397
621
564
582
493
914
278
839
352
944
154
438
32
483
288
50
12
817
422
509
806
800
25
226
890
447
14
778
750
805
65
149
146
630
450
358
264
447
198
616
392
352
774
424
555
63
194
567
599
616
795
125
417
821
351
27
987
84
805
738
609
871
606
755
221
775
115
485
224
313
820
616
385
595
760
659
377
954
227
696
571
741
540
707
282
892
735
270
695
260
10
305
132
335
780
353
112
895
557
336
927
379
671
32
693
432
691
790
106
637
206
677
380
746
105
662
358
559
933
55
819
662
79
952
716
859
25
828
474
583
883
122
681
556
154
94
707
846
884
814
203
809
492
583
557
316
965
915
875
618
689
696
281
769
368
997
348
393
546
823
976
430
664
658
986
818
753
695
384
357
229
307
168
721
890
444
757
575
360
633
194
769
49
475
258
417
193
325
811
458
867
507
888
532
885
595
71
639
10
455
715
239
481
602
679
373
47
437
948
127
790
862
896
839
338
873
258
250
199
788
708
68
296
317
600
182
912
671
540
641
846
975
880
328
578
279
420
626
717
89
472
227
951
88
67
9
961
44
978
879
832
406
947
130
723
268
31
355
658
572
996
224
548
596
272
845
876
411
191
313
500
663
540
171
751
326
899
432
371
597
32
204
4
979
53
728
966
85
802
345
376
800
569
643
116
560
208
992
972
400
25
192
782
284
83
254
611
982
686
982
580
718
905
303
418
678
32
104
763
835
449
858
355
738
221
471
299
429
184
272
829
927
465
613
213
548
867
543
250
273
245
549
711
151
852
848
548
604
952
312
159
403
889
233
142
111
704
441
541
607
433
371
536
617
703
468
884
290
12
135
564
257
403
994
127
256
843
676
579
796
707
738
918
598
690
779
428
396
940
969
722
374
61
977
710
483
446
595
774
458
449
58
434
852
53
281
827
615
676
127
131
103
584
51
420
276
830
849
391
490
538
114
583
599
93
294
802
539
889
577
717
339
354
870
910
407
870
458
23
547
585
154
370
888
923
790
165
474
640
556
964
898
671
549
217
483
843
20
23
453
597
459
511
670
50
142
78
920
319
819
188
623
693
558
512
336
349
678
810
709
235
495
327
625
763
544
109
326
565
851
498
881
30
11
553
80
871
350
2
191
889
190
814
583
467
327
638
535
6
169
245
960
664
572
586
147
836
415
473
402
985
691
3
16
702
556
97
574
626
99
765
516
8
580
818
194
626
457
729
633
626
694
313
10
985
618
875
822
34
69
943
20
760
947
37
182
223
852
756
849
670
241
366
678
540
903
591
167
362
321
519
707
734
832
437
721
452
32
263
486
101
208
226
861
874
981
44
98
834
519
948
505
479
34
902
20
938
494
188
20
534
426
446
270
260
602
710
712
635
973
917
736
900
862
318
775
844
81
874
679
320
542
185
799
295
806
820
952
301
727
972
836
154
139
825
133
741
536
564
377
510
202
833
412
65
870
906
629
951
781
28
272
43
214
791
339
739
612
292
42
59
984
597
931
124
423
66
584
959
349
681
189
551
234
320
336
105
228
965
775
728
993
767
772
926
559
830
667
890
841
428
949
826
26
600
669
168
666
255
128
735
655
36
287
889
357
623
994
304
308
489
751
303
257
524
948
535
74
616
426
916
45
95
462
789
696
133
957
82
107
804
817
762
841
106
371
917
448
366
940
757
574
692
779
832
936
728
368
11
65
795
646
828
609
110
619
306
961
296
389
69
102
925
550
662
750
921
299
200
7
240
676
581
932
456
133
588
903
502
319
968
17
965
798
345
794
137
652
756
433
760
544
535
686
813
916
438
454
216
357
180
456
34
762
109
209
614
416
113
117
735
83
852
421
600
199
216
737
570
692
171
50
955
426
736
489
62
893
943
279
969
125
454
4
606
282
931
221
699
46
58
435
847
629
575
448
547
511
186
836
204
76
886
878
221
343
368
284
237
32
563
208
875
736
930
482
20
863
422
719
909
480
873
476
829
450
924
377
680
829
215
884
624
102
482
846
164
570
849
402
321
132
329
197
868
260
398
607
842
820
327
471
21
920
947
850
90
872
946
770
421
880
374
47
702
575
612
866
146
462
269
467
594
317
664
182
578
781
790
140
603
836
612
624
757
560
194
566
153
859
337
574
741
430
340
444
7
952
311
153
415
300
340
728
617
723
630
914
506
421
56
110
258
668
453
735
947
366
302
101
226
359
676
967
789
17
131
796
970
162
669
105
462
10
553
798
733
184
433
958
324
208
787
301
876
959
37
543
326
59
645
272
418
322
240
926
58
91
443
747
253
113
572
715
841
126
233
294
29
666
254
353
874
42
654
470
3
411
15
329
470
660
320
607
701
280
253
759
371
696
227
624
528
799
59
370
925
11
665
673
678
919
27
272
680
400
743
683
811
477
732
1
856
53
327
558
333
581
37
423
996
264
48
526
64
825
896
708
837
281
382
516
201
409
507
882
529
251
285
341
447
18
62
304
790
389
581
842
689
619
267
687
602
34
214
667
860
829
95
698
112
478
933
32
606
441
633
136
412
919
197
859
656
977
883
166
86
465
10
776
803
277
464
407
311
397
793
890
227
888
589
58
86
242
91
693
403
724
548
815
644
464
394
21
161
278
187
248
463
197
25
267
193
208
674
505
605
468
396
551
77
705
610
163
947
701
575
70
426
843
885
790
27
0
811
189
996
998
437
460
197
181
728
109
389
122
614
994
310
730
546
387
155
875
550
821
577
845
892
723
689
497
514
716
497
326
905
214
44
62
674
959
243
122
70
632
963
403
346
274
134
612
661
8
488
930
830
785
495
723
509
185
221
24
621
438
69
527
652
831
309
46
792
552
887
581
904
851
984
251
126
838
582
506
846
790
156
396
576
652
120
86
556
61
828
178
499
616
425
870
448
734
916
959
6
523
260
910
375
964
881
220
803
464
445
369
255
602
766
831
973
886
636
249
666
465
428
884
800
572
755
968
26
392
647
32
915
908
943
292
873
825
231
396
290
677
765
265
998
251
97
691
857
453
940
524
918
88
410
439
379
166
408
405
277
774
438
194
402
382
205
276
926
436
391
217
832
158
201
550
409
299
242
985
752
902
511
390
990
921
548
90
806
675
495
803
451
933
997
853
35
921
849
961
77
241
898
910
118
100
461
247
399
423
233
870
326
744
980
36
385
529
126
911
206
622
715
657
275
432
230
311
73
80
273
150
322
172
779
159
273
960
406
391
384
640
981
710
104
962
465
490
492
311
121
698
933
555
75
927
987
306
239
61
105
232
929
146
404
710
306
396
671
712
788
56
72
489
485
177
452
669
386
944
980
507
363
633
63
157
562
769
182
801
549
7
752
479
153
158
190
459
273
861
891
780
636
963
270
840
859
722
511
964
387
492
472
469
127
254
626
689
742
528
210
292
535
963
491
688
840
681
867
114
263
478
614
618
161
884
460
22
608
971
986
714
464
179
184
310
152
529
718
614
58
929
625
312
612
117
720
453
518
588
286
500
67
900
119
228
505
298
968
832
988
675
547
173
573
450
483
725
979
203
340
757
851
685
788
464
802
509
636
321
98
641
540
883
543
660
831
767
677
800
600
667
476
148
840
50
598
324
495
297
246
554
773
98
240
563
281
762
73
917
802
890
560
344
774
822
723
325
590
401
127
909
69
322
58
909
92
375
953
306
672
200
579
447
299
539
729
580
302
802
218
105
412
497
449
906
39
173
232
348
294
78
258
363
401
316
992
212
410
946
237
83
865
816
249
883
356
978
465
377
501
402
483
913
899
651
820
657
544
772
6
838
850
264
920
970
299
913
183
709
579
139
511
446
675
480
49
32
459
514
410
679
635
612
313
254
264
852
911
808
625
917
366
477
900
288
448
200
920
351
628
220
490
141
666
884
621
434
917
799
949
47
199
304
659
512
559
642
84
471
452
710
109
537
188
10
825
355
929
747
706
277
967
916
137
353
801
758
787
438
278
456
204
196
761
863
427
40
226
511
511
397
222
620
934
129
631
761
204
280
228
629
557
914
546
695
986
68
173
493
225
170
950
430
366
431
13
793
471
957
25
701
355
965
323
291
96
673
53
300
672
0
929
230
914
196
644
620
982
818
114
926
707
783
76
75
215
808
587
405
766
331
826
123
298
150
414
113
542
186
132
933
904
780
164
538
976
528
159
678
347
273
325
55
58
401
848
991
210
156
117
696
487
943
819
504
812
952
617
355
139
749
289
44
531
172
301
227
700
460
625
766
733
950
541
510
71
390
222
282
265
339
978
472
283
517
976
96
470
595
170
328
64
178
91
595
350
392
542
770
852
168
537
305
119
79
816
908
189
39
909
173
97
607
645
380
125
623
195
595
937
365
923
2
543
15
598
612
126
859
383
978
28
640
285
865
719
820
774
627
578
685
801
675
293
447
56
138
789
251
452
727
335
377
730
878
111
48
491
238
907
594
935
654
235
221
520
673
760
14
302
339
418
822
15
712
270
789
569
779
759
22
507
95
118
956
692
230
723
903
187
631
498
841
5
452
782
525
126
543
259
147
602
677
969
336
109
959
127
678
739
605
701
965
420
819
923
831
768
647
735
674
998
952
517
4
405
300
249
251
843
508
398
165
186
88
502
296
48
348
974
787
672
676
753
93
216
396
925
984
45
380
660
762
334
178
766
458
197
16
709
759
524
827
925
430
915
428
726
963
776
420
470
449
816
942
262
33
340
906
736
104
287
397
866
621
294
633
799
491
369
509
252
612
337
896
43
971
325
488
935
820
628
125
988
445
69
969
197
409
876
933
232
165
51
99
505
64
451
305
275
539
815
246
153
871
143
196
844
468
404
499
8
33
625
715
478
694
686
394
822
563
47
55
728
816
872
235
881
43
540
157
583
75
122
736
666
265
651
511
452
56
729
460
807
355
176
5
50
862
399
591
146
166
365
874
982
238
828
864
282
89
740
584
882
862
321
549
846
691
779
299
467
510
478
275
865
655
281
635
237
399
227
102
565
593
696
549
550
525
133
551
333
593
136
217
175
176
766
23
868
547
41
336
58
520
330
642
894
330
278
850
730
225
953
15
537
650
283
88
894
417
640
229
729
495
165
904
672
650
646
260
198
688
315
974
209
645
337
822
976
615
673
426
840
627
160
378
996
444
186
611
580
545
840
310
41
724
933
432
375
581
692
293
270
8
986
198
373
324
21
69
940
413
214
500
760
374
598
757
537
784
369
118
49
928
147
90
653
800
523
748
382
934
42
371
662
747
288
36
73
28
105
732
441
38
233
202
412
550
960
950
54
49
787
103
697
654
194
351
455
436
818
556
90
579
927
752
328
934
507
401
962
331
134
404
369
86
607
782
356
287
452
410
55
958
514
752
332
708
823
787
863
642
63
953
223
990
426
551
644
933
671
607
266
524
13
354
329
339
137
685
626
308
97
681
986
611
154
319
39
977
108
621
620
889
294
562
881
720
832
245
374
504
853
359
747
866
713
78
206
570
482
551
597
579
951
584
909
106
904
667
84
731
289
424
621
584
986
222
24
820
468
398
44
322
757
792
907
191
589
832
761
72
103
359
371
55
944
281
880
568
949
