478
664
153
268
500
997
991
903
762
253
590
868
842
682
707
409
87
351
565
496
251
485
564
114
584
413
863
22
388
307
545
585
972
417
572
192
415
565
814
178
537
405
765
380
806
193
509
893
263
75
110
514
280
674
629
864
806
212
886
913
519
432
500
492
569
791
403
984
76
218
882
333
342
648
713
150
560
941
762
824
736
591
339
17
266
687
600
74
899
487
987
420
638
207
631
208
718
36
912
794
972
514
128
316
881
561
185
443
222
666
268
677
259
326
413
244
15
14
37
914
220
744
54
859
951
686
786
389
441
418
903
133
932
750
168
815
31
353
977
254
739
246
650
998
291
65
243
306
79
281
940
300
744
713
878
415
119
384
805
560
803
709
413
455
460
581
271
211
935
967
465
394
932
116
393
225
899
355
531
979
355
191
998
100
905
596
516
25
980
322
305
784
750
718
959
929
300
231
141
954
200
325
349
133
161
461
77
61
817
328
759
891
519
477
992
144
74
228
888
56
269
194
559
20
631
519
668
650
470
529
606
389
573
674
241
453
855
319
515
392
647
993
284
885
472
995
31
265
224
919
321
493
832
600
232
464
120
620
115
309
150
440
698
442
834
659
896
690
978
131
801
345
125
86
231
316
83
980
582
26
900
622
520
452
223
471
916
344
92
751
372
960
910
72
404
745
731
20
155
429
151
956
774
276
762
724
312
564
706
894
590
326
517
829
498
741
302
134
804
113
885
177
793
516
967
916
980
418
936
137
847
88
812
341
83
294
785
395
858
211
9
169
256
527
998
754
987
20
889
792
134
494
688
927
11
376
844
992
794
500
848
362
588
380
422
390
675
208
786
253
419
514
422
395
42
422
150
748
442
40
260
295
535
949
941
265
326
505
976
839
6
825
202
313
925
344
704
601
552
210
573
691
724
996
87
486
138
237
235
299
996
496
595
251
165
537
235
210
44
213
50
768
39
971
83
964
316
787
285
587
716
859
279
441
575
85
646
713
42
882
13
39
98
327
9
263
584
244
473
347
457
242
116
216
214
199
899
530
705
186
119
422
764
117
583
59
203
230
772
245
831
504
3
929
832
12
911
136
974
385
483
433
628
599
368
561
518
268
93
224
173
930
366
937
48
668
996
969
617
488
215
450
993
936
99
545
948
12
681
924
116
165
77
744
483
445
307
2
713
119
945
887
50
31
544
816
699
261
787
317
468
721
486
181
659
586
726
327
317
127
970
433
11
766
897
214
212
923
216
645
761
880
252
530
911
515
347
330
495
853
367
964
295
853
146
954
159
592
1
476
438
691
629
450
458
246
664
671
170
599
36
931
481
288
462
112
522
528
162
19
383
529
983
678
102
848
352
262
441
72
457
880
763
805
50
223
52
433
613
940
33
649
591
233
656
772
65
897
302
227
916
404
475
619
801
577
188
872
558
629
944
17
229
709
541
997
651
594
431
265
254
184
633
846
417
9
619
201
906
640
428
543
45
903
881
565
201
70
438
759
419
103
776
367
531
38
366
183
632
516
167
605
700
519
452
837
247
73
39
872
432
187
416
478
809
299
762
11
88
202
771
507
305
267
875
555
305
242
738
656
758
624
263
179
144
434
17
110
226
774
982
659
961
119
138
772
137
900
502
225
821
992
733
845
261
609
401
285
570
858
661
48
483
643
227
346
78
962
456
305
738
440
964
419
559
821
910
696
441
414
640
264
407
374
828
387
702
231
392
991
808
54
41
293
697
986
639
775
669
815
799
127
974
764
546
534
586
458
949
747
591
590
12
717
684
559
106
387
509
498
380
319
271
140
612
687
845
970
463
515
505
264
642
480
747
908
15
54
367
683
801
958
275
532
676
959
92
501
66
602
718
165
921
708
24
253
396
870
942
860
105
449
843
467
929
591
376
664
364
462
348
166
140
342
698
535
21
791
756
88
113
475
253
35
185
278
7
300
867
949
161
691
399
723
159
330
35
254
994
399
716
62
566
575
405
983
112
426
775
868
514
888
63
487
642
966
484
649
268
71
600
148
762
718
591
922
49
626
895
762
744
332
825
30
907
949
15
738
376
790
326
610
399
390
816
760
76
301
411
63
372
730
212
135
449
522
776
218
149
673
699
612
6
244
643
632
194
658
372
290
168
698
900
286
807
717
48
603
737
178
666
828
908
597
963
77
120
460
14
987
852
714
601
577
958
245
210
872
903
301
163
790
719
64
78
527
500
126
849
956
304
517
785
931
833
749
727
954
928
742
942
781
176
263
359
853
508
289
726
131
